279, 448
308, 438
281, 488
309, 474
2, GREEN, AVANTI

270, 552
310, 527
272, 608
310, 582
3, GREEN, AVANTI

386, 438
412, 431
388, 478
412, 466
4, RED, AVANTI

451, 669
484, 629
453, 727
483, 684
5, GREEN, AVANTI

680, 525
678, 498
677, 564
676, 540
6, RED, INDIETRO

889, 614
857, 585
883, 659
855, 627
6, GREEN, INDIETRO

#post cascata

1089, 575
1064, 550
1085, 613
1059, 589
7, GREEN, INDIETRO

1114, 514
1093, 499
1109, 553
1090, 537
8, RED, INDIETRO

1253, 587
1218, 558
1247, 617
1212, 602
9, GREEN, INDIETRO

1208, 522
1182, 505
1203, 557
1178, 539
10, RED?, INDIETRO

1221, 469
1205, 466
1217, 506
1203, 494
11, RED?, INDIETRO

- da qui tutti indietro

1342, 500
1320, 488
1337, 534
1315, 523
12, ???

1400, 531
1371, 529
1396, 566
1367, 558
13, GREEN?

1448, 478
1426, 470
1444, 509
1424, 501
14, GREEN?

1459, 451
1437, 445
1456, 447
1434, 471
15, GREEN?

1498, 438
1478, 433
1496, 462
1476, 454
16, GREEN?




