1	: 947, 	 538 
1	: 948, 	 539 
1	: 948, 	 539 
1	: 952, 	 542 
1	: 953, 	 546 
1	: 953, 	 547 
1	: 953, 	 547 
1	: 954, 	 549 
1	: 956, 	 550 
1	: 957, 	 550 
1	: 956, 	 551 
1	: 956, 	 551 
1	: 955, 	 551 
1	: 956, 	 552 
1	: 961, 	 554 
1	: 963, 	 554 
1	: 964, 	 555 
1	: 965, 	 555 
1	: 969, 	 554 
1	: 974, 	 555 
1	: 980, 	 555 
1	: 982, 	 555 
1	: 985, 	 556 
1	: 989, 	 558 
1	: 990, 	 558 
1	: 991, 	 559 
1	: 991, 	 560 
1	: 996, 	 560 
1	: 1000, 	 561 
1	: 1003, 	 562 
1	: 1004, 	 562 
1	: 1005, 	 564 
1	: 1006, 	 564 
1	: 1002, 	 567 
1	: 1007, 	 569 
1	: 1011, 	 571 
1	: 1013, 	 571 
1	: 1014, 	 572 
1	: 1015, 	 575 
1	: 1016, 	 576 
1	: 1019, 	 577 
1	: 1020, 	 578 
1	: 1019, 	 580 
1	: 1023, 	 584 
1	: 1030, 	 589 
1	: 1033, 	 591 
1	: 1028, 	 592 
1	: 1025, 	 593 
1	: 1026, 	 594 
1	: 1028, 	 598 
1	: 1034, 	 605 
1	: 1036, 	 607 
1	: 1040, 	 609 
1	: 1044, 	 609 
1	: 1045, 	 609 
1	: 1049, 	 610 
1	: 1050, 	 610 
1	: 1053, 	 609 
1	: 1059, 	 610 
1	: 1063, 	 611 
1	: 1065, 	 611 
1	: 1066, 	 613 
1	: 1067, 	 613 
1	: 1076, 	 615 
1	: 1081, 	 618 
1	: 1088, 	 621 
1	: 1090, 	 622 
1	: 1094, 	 624 
1	: 1102, 	 628 
1	: 1106, 	 629 
1	: 1111, 	 631 
1	: 1113, 	 632 
1	: 1118, 	 633 
1	: 1123, 	 634 
1	: 1133, 	 638 
1	: 1137, 	 639 
1	: 1143, 	 642 
1	: 1145, 	 643 
1	: 1150, 	 645 
1	: 1157, 	 647 
1	: 1169, 	 651 
1	: 1173, 	 652 
1	: 1182, 	 654 
1	: 1193, 	 657 
1	: 1197, 	 659 
1	: 1201, 	 660 
1	: 1202, 	 661 
1	: 1215, 	 666 
1	: 1226, 	 671 
1	: 1234, 	 674 
1	: 1237, 	 675 
1	: 1245, 	 676 
1	: 1248, 	 677 
1	: 1263, 	 677 
1	: 1272, 	 679 
1	: 1281, 	 682 
1	: 1284, 	 682 
1	: 1294, 	 684 
1	: 1296, 	 688 
1	: 1296, 	 689 
1	: 1317, 	 692 
1	: 1324, 	 693 
1	: 1336, 	 695 
1	: 1346, 	 696 
1	: 1363, 	 701 
1	: 1369, 	 703 
1	: 1378, 	 708 
1	: 1381, 	 710 
1	: 1390, 	 713 
1	: 1396, 	 718 
1	: 1413, 	 728 
1	: 1418, 	 731 
1	: 1426, 	 736 
1	: 1433, 	 743 
1	: 1436, 	 745 
1	: 1447, 	 749 
1	: 1451, 	 751 
1	: 1473, 	 758 
1	: 1493, 	 767 
1	: 1510, 	 776 
1	: 1517, 	 779 
1	: 1527, 	 786 
1	: 1531, 	 788 
1	: 1558, 	 797 
1	: 1577, 	 805 
1	: 1589, 	 811 
1	: 1593, 	 814 
1	: 1610, 	 819 
1	: 1635, 	 835 
1	: 1645, 	 840 
1	: 1658, 	 852 
1	: 1662, 	 857 
1	: 1674, 	 865 
1	: 1688, 	 878 
1	: 1717, 	 901 
1	: 1728, 	 909 
1	: 1746, 	 917 
1	: 1752, 	 920 
1	: 1771, 	 929 
1	: 1799, 	 939 
1	: 1820, 	 965 
1	: 1827, 	 975 
1	: 1836, 	 983 
2	: 1716, 	 993 
4	: 1889, 	 1015 
