### PONTE SINISTRa
TUTTO INDIETRO

1217 264
400 230
1152 1080
413 1080
31, GREEN

665 119
315 68
653 482
321 459
33 RED

1355 114
1151 65
1338 355
1132 325
34 GREEN

497 152
330 159
493 296
328 300
35 GREEN 

589 133
462 135
585 287
493 297
36 GREEN

1030 135
916 143
1021 266
911 271
37 GREEN

195 116
100 109
193 254
100 244
38 RED

640 32
546 92
638 199
540 206
39 GREEN

448 80
356 69
446 175
355 173
40 RED

### BALCONE DIETRO
TUTTO INDIETRO

923 381
1030 380
925 547
1031 525
35 GREEN

1004 411
1110 402
1001 610
1108 590
36 GREEN

447 539
690 533
470 839
701 807
37 GREEN

1771 441
1837 421
1762 648
1827 609
38 RED

1575 478
1685 477
1560 795
1675 751
39 GREEN

### BALCONE AVANTI
TUTTO INDIETRO

81 530
34 513
104 743
57 700
41 GREEN

1497 594
1259 495
1498 807
1262 796
42 GREEN

1127 437
987 438
1134 652
997 631
43 GREEN

1563 438
1453 430
1563 575
1456 572
44 GREEN

1232 441
1133 426
1234 548
1140 535
45 GREEN

1826 399
1726 413
1826 535
1728 537
46 GREEN

1452 391
1366 393
1453 499
1368 498
47 RED

1688 380
1606 376
1690 477
1606 479
48 GREEN

1830 376
1765 380
1830 465
1764 461
49 RED

### LUNGO CANALE

122 497
109 459
145 720
129 643
50 RED

515 300
487 277
510 433
483 407
51 RED

1007 321
941 303
999 449
931 419
52 RED

1319 356
1235 343
1301 459
1223 445
53 RED

1620 399
1533 377
1596 513
1512 491
54 RED

1384 311
1322 299
1371 410
1309 392
55 RED

### ARRIVO

500 201
569 194
502 285
570 272
52 RED

478 229
545 227
482 325
546 317
53 RED

345 271
426 256
350 398
430 380
54 RED

805 249
869 244
803 373
866 359
55 RED